81,7
81,6
81,5
81,4
81,3
81,2
81,1
80,7
80,6
80,5
80,4
80,3
80,2
80,1
4294967294,1038
79,6
79,5
79,4
79,3
79,2
79,1
78,5
78,4
78,3
78,2
78,1
77,4
77,3
77,2
77,1
4294967294,1468
76,9
76,8
76,7
76,6
76,5
76,4
76,3
76,2
76,1
75,7
75,6
75,5
75,4
75,3
75,2
75,1
4294967294,1467
4294967294,1444
4294967294,1466
74,7
74,6
74,5
74,4
74,3
74,2
74,1
4294967294,1465
4294967294,1464
73,10
73,9
73,8
73,7
73,6
73,5
73,4
73,3
73,2
73,1
4294967294,1463
4294967294,481
4294967294,1462
72,7
72,6
72,5
72,4
72,3
72,2
72,1
71,8
71,7
71,6
71,5
71,4
71,3
71,2
71,1
4294967294,1461
70,6
70,5
70,4
70,3
70,2
70,1
69,7
69,6
69,5
69,4
69,3
69,2
69,1
4294967279,405
68,6
68,5
68,4
68,3
68,2
68,1
4294967279,404
67,7
67,6
67,5
67,4
67,3
67,2
67,1
66,6
66,5
66,4
66,3
66,2
66,1
4294967294,1460
4294967294,1459
4294967294,1447
4294967294,1458
4294967279,403
65,5
65,4
65,3
65,2
65,1
4294967279,402
64,7
64,6
64,5
64,4
64,3
64,2
64,1
4294967278,331
4294967294,480
4294967279,401
63,13
63,12
63,11
63,10
63,9
63,8
63,7
63,6
63,5
63,4
63,3
63,2
63,1
4294967294,1457
62,7
62,6
62,5
62,4
62,3
62,2
62,1
4294967278,330
4294967294,1456
61,14
61,13
61,12
61,11
61,10
61,9
61,8
61,7
61,6
61,5
61,4
61,3
61,2
61,1
4294967278,329
60,7
60,6
60,5
60,4
60,3
60,2
60,1
4294967294,479
4294967294,1455
59,13
59,12
59,11
59,10
59,9
59,8
59,7
59,6
59,5
59,4
59,3
59,2
59,1
4294967278,328
4294967294,1454
4294967294,1453
4294967294,52
4294967294,1452
4294967294,1451
4294967294,1019
4294967294,1450
4294967294,1428
58,7
58,6
58,5
58,4
58,3
58,2
58,1
4294967279,400
4294967279,399
57,14
57,13
57,12
57,11
57,10
57,9
57,8
57,7
57,6
57,5
57,4
57,3
57,2
57,1
4294967279,398
4294967294,1449
4294967294,1448
4294967294,1431
4294967294,478
4294967294,1446
56,8
56,7
56,6
56,5
56,4
56,3
56,2
56,1
4294967279,397
4294967279,396
55,8
55,7
55,6
55,5
55,4
55,3
55,2
55,1
4294967294,1445
4294967294,1437
4294967294,1443
4294967294,1424
54,7
54,6
54,5
54,4
54,3
54,2
54,1
4294967278,327
4294967294,1442
4294967294,419
53,7
53,6
53,5
53,4
53,3
53,2
53,1
4294967278,326
4294967294,1441
52,6
52,5
52,4
52,3
52,2
52,1
51,7
51,6
51,5
51,4
51,3
51,2
51,1
50,14
50,13
50,12
50,11
50,10
50,9
50,8
50,7
50,6
50,5
50,4
50,3
50,2
50,1
4294967294,477
4294967278,325
4294967294,1440
4294967294,1439
49,15
49,14
49,13
49,12
49,11
49,10
49,9
49,8
49,7
49,6
49,5
49,4
49,3
49,2
49,1
4294967294,1438
48,5
48,4
48,3
48,2
48,1
47,4
47,3
47,2
47,1
46,4
46,3
46,2
46,1
45,5
45,4
45,3
45,2
45,1
4294967278,324
4294967294,476
44,5
44,4
44,3
44,2
44,1
43,4
43,3
43,2
43,1
4294967294,1420
42,7
42,6
42,5
42,4
42,3
42,2
42,1
4294967278,323
4294967294,1436
41,4
41,3
41,2
41,1
40,64
40,63
40,11
40,62
40,61
40,33
40,60
40,59
40,58
40,50
40,57
40,56
40,19
40,55
4294967279,395
40,54
40,53
40,52
40,51
40,40
40,49
40,48
40,10
40,47
40,28
4294967279,394
40,46
40,45
40,13
40,44
40,43
40,27
40,42
40,41
40,30
40,39
40,23
40,38
40,37
40,16
4294967279,393
40,36
40,35
40,34
40,32
4294967279,392
40,31
40,20
40,29
40,26
40,25
40,24
4294967279,391
40,22
40,21
40,15
40,18
40,17
40,14
40,6
4294967279,390
40,12
40,5
40,9
40,8
40,7
40,4
40,3
40,2
40,1
4294967294,1435
39,6
39,5
39,4
39,3
39,2
39,1
4294967278,322
38,5
38,4
38,3
38,2
38,1
4294967279,389
37,4
37,3
37,2
37,1
4294967279,388
36,7
36,6
36,5
36,4
36,3
36,2
36,1
4294967278,321
35,5
35,4
35,3
35,2
35,1
34,4
34,3
34,2
34,1
4294967294,475
33,13
33,12
33,11
33,10
33,9
33,8
33,7
33,6
33,5
33,4
33,3
33,2
33,1
4294967278,320
32,7
32,6
32,5
32,4
32,3
32,2
32,1
4294967279,387
